[[  0.2867801    0.10570004   3.4490021  -13.41000004   0.33330053
    0.66669983]
 [  0.2867706    0.10570014   3.44900794 -13.40999267   0.33329802
    0.66670046]
 [  0.28690283   0.10569984   3.4489795  -13.41001365   0.3332978
    0.66669702]
 [  0.28690386   0.10569939   3.44897107 -13.41001961   0.33329698
    0.66669466]
 [  0.28667745   0.10570077   3.44903607 -13.40996905   0.33329629
    0.66670837]
 [  0.28693584   0.10569907   3.44895623 -13.41003239   0.33329542
    0.66669026]
 [  0.28696083   0.10570099   3.44906947 -13.41004444   0.33330517
    0.66668634]
 [  0.28661831   0.10569891   3.4489285  -13.40995034   0.33330645
    0.66671523]
 [  0.28660818   0.1056988    3.44907608 -13.40994398   0.33330656
    0.66668432]
 [  0.28660335   0.10570123   3.44891169 -13.41006058   0.33329226
    0.66668382]
 [  0.28658247   0.1057015    3.44909045 -13.41006666   0.33330823
    0.66671855]
 [  0.28656212   0.10569825   3.44889985 -13.40991116   0.33330827
    0.66672242]
 [  0.28705842   0.10569817   3.4491053  -13.40990714   0.33329094
    0.66667604]
 [  0.28644853   0.10570204   3.44910659 -13.4098952    0.33330927
    0.66667387]
 [  0.28720949   0.10570211   3.44887891 -13.4101153    0.3332897
    0.66666861]
 [  0.28638485   0.10569753   3.4491321  -13.40987952   0.33328907
    0.66673352]
 [  0.28636229   0.1056973    3.44914183 -13.41013156   0.33331206
    0.66666585]
 [  0.28730068   0.10570291   3.44884813 -13.41013669   0.33331354
    0.66673611]
 [  0.28628767   0.10570294   3.4491816  -13.41014395   0.33331358
    0.66665908]
 [  0.28620746   0.10569699   3.44921701 -13.40985429   0.3332858
    0.66674403]]