2.867800985274009951e-01 1.057000367687550013e-01 3.449002095566580106e+00 -1.341000003842830068e+01 3.333005301164799761e-01 6.666998296760420217e-01
2.867705974608150132e-01 1.057001408596089931e-01 3.449007940762609969e+00 -1.340999266842029947e+01 3.332980222707980222e-01 6.667004617517829912e-01
2.869028274584610183e-01 1.056998388977870018e-01 3.448979501689779958e+00 -1.341001365281350033e+01 3.332977969309849908e-01 6.666970206338670435e-01
2.869038619821059899e-01 1.056993877234219947e-01 3.448971071893399909e+00 -1.341001960643179913e+01 3.332969758978199804e-01 6.666946581673219852e-01
2.866774473895429831e-01 1.057007708864319967e-01 3.449036071710930074e+00 -1.340996904994729988e+01 3.332962902040579878e-01 6.667083749788550451e-01
2.869358367843929947e-01 1.056990732243690001e-01 3.448956232549039935e+00 -1.341003238638220019e+01 3.332954159672180117e-01 6.666902624592320192e-01
2.869608292685210116e-01 1.057009926692220048e-01 3.449069467584170212e+00 -1.341004443500819932e+01 3.333051736196119830e-01 6.666863415588389907e-01
2.866183071650539871e-01 1.056989145903989985e-01 3.448928501064739915e+00 -1.340995034354600079e+01 3.333064499569349803e-01 6.667152305236629939e-01
2.866081753730280179e-01 1.056988038683829983e-01 3.449076082119669984e+00 -1.340994397543789951e+01 3.333065565812550202e-01 6.666843211331490160e-01
2.866033517810330222e-01 1.057012315184080037e-01 3.448911692228790127e+00 -1.341006058029110015e+01 3.332922625131939931e-01 6.666838219538719912e-01
2.865824672084539837e-01 1.057015017610310054e-01 3.449090451665830059e+00 -1.341006666053350038e+01 3.333082345518160183e-01 6.667185466377949510e-01
2.865621210328869739e-01 1.056982534540460011e-01 3.448899846747250031e+00 -1.340991116150000018e+01 3.333082663490439801e-01 6.667224192392430249e-01
2.870584167132420039e-01 1.056981683167890068e-01 3.449105304389130211e+00 -1.340990713752769992e+01 3.332909431300140057e-01 6.666760399074109777e-01
2.864485254086959753e-01 1.057020391851470065e-01 3.449106587261999923e+00 -1.340989519795489926e+01 3.333092737645609871e-01 6.666738724531839910e-01
2.872094884115560243e-01 1.057021128322190029e-01 3.448878908526129994e+00 -1.341011530347149971e+01 3.332896960311110268e-01 6.666686145114050221e-01
2.863848533647839756e-01 1.056975297253939933e-01 3.449132104473879856e+00 -1.340987951857339944e+01 3.332890683608180082e-01 6.667335193887470313e-01
2.863622921131580012e-01 1.056972995050859954e-01 3.449141828939500165e+00 -1.341013155637070042e+01 3.333120552719450180e-01 6.666658523028069494e-01
2.873006777987009985e-01 1.057029110079499984e-01 3.448848134070659821e+00 -1.341013668693410033e+01 3.333135445982530198e-01 6.667361136537409694e-01
2.862876725241459974e-01 1.057029410001620040e-01 3.449181596786779824e+00 -1.341014395118680014e+01 3.333135815391409795e-01 6.666590789056260347e-01
2.862074588437720224e-01 1.056969886690160010e-01 3.449217010172210163e+00 -1.340985429428680042e+01 3.332858010656010173e-01 6.667440321363470312e-01
